,Time,Value,Nucleotides
0,17,3.967285E-02,-86.86109245002945
1,17.05,1.132773E-02,-85.52809964233847
2,17.1,-7.305908E-03,-84.20587129158048
3,17.15,-1.747884E-03,-82.89427439839119
4,17.2,5.125088E-03,-81.59317602190526
5,17.25,0.0131479,-80.30244327975493
6,17.3,0.016321,-79.02194334806632
7,17.35,9.651323E-03,-77.75154346146337
8,17.4,-8.364124E-03,-76.49111091306804
9,17.45,-0.0138391,-75.24051305449689
10,17.5,1.191796E-02,-73.99961729586494
11,17.55,1.103012E-02,-72.76829110578205
12,17.6,2.288946E-02,-71.54640201135703
13,17.65,1.565422E-02,-70.33381759819304
14,17.7,-1.537577E-02,-69.13040551039012
15,17.75,-4.383602E-02,-67.93603345054612
16,17.8,-4.183308E-02,-66.7505691797569
17,17.85,-2.733828E-02,-65.57388051761018
18,17.9,-1.108809E-02,-64.40583534219559
19,17.95,7.19791E-03,-63.246301590095754
20,18,1.084137E-02,-62.095147256391556
21,18.05,8.051617E-03,-60.952240394660976
22,18.1,-1.231266E-02,-59.81744911697774
23,18.15,-0.0113618,-58.690641593912005
24,18.2,-2.106222E-03,-57.57168605453103
25,18.25,-6.819959E-03,-56.46045078639895
26,18.3,-1.453293E-02,-55.35680413557657
27,18.35,-1.063091E-02,-54.26061450662064
28,18.4,1.342023E-03,-53.17175036258527
29,18.45,1.415787E-02,-52.09008022501985
30,18.5,3.013773E-02,-51.01547267397336
31,18.55,3.443372E-02,-49.947796347988515
32,18.6,3.653463E-03,-48.88691994410624
33,18.65,-2.334053E-02,-47.83271221786276
34,18.7,-3.314014E-02,-46.78504198329324
35,18.75,-4.398739E-02,-45.74377811292675
36,18.8,-4.205954E-02,-44.70878953779038
37,18.85,-4.526223E-02,-43.679945247408796
38,18.9,-3.505969E-02,-42.65711428980103
39,18.95,-2.487683E-02,-41.64016577148573
40,19,-2.183154E-02,-40.628968857475684
41,19.05,-2.337662E-02,-39.623392771279896
42,19.1,-0.0314798,-38.623306794907876
43,19.15,-1.570537E-02,-37.628580268861015
44,19.2,-2.291621E-02,-36.63908259214122
45,19.25,-2.770699E-02,-35.65468322224365
46,19.3,-1.454074E-02,-34.675251675162826
47,19.35,-8.538818E-03,-33.70065752538926
48,19.4,7.105744E-03,-32.7307704059092
49,19.45,1.282849E-02,-31.76546000820622
50,19.5,1.013185E-02,-30.80459608226124
51,19.55,-2.296649E-02,-29.848048436549107
52,19.6,-4.907249E-02,-28.895686938045856
53,19.65,-2.145013E-02,-27.947381512219636
54,19.7,1.529748E-02,-27.003002143037975
55,19.75,5.717002E-02,-26.062418872963917
56,19.8,6.688517E-02,-25.125501802957842
57,19.85,7.151464E-02,-24.192121092475645
58,19.9,6.236784E-02,-23.262146959472375
59,19.95,5.325089E-02,-22.335449680395868
60,20,0.0579402,-21.411899590194025
61,20.05,4.297271E-02,-20.491367082310717
62,20.1,2.061052E-02,-19.57372260868442
63,20.15,0.0179466,-18.658836679752312
64,20.2,2.224274E-02,-17.74657986444845
65,20.25,1.170731E-02,-16.836822790201495
66,20.3,0.0417302,-15.929436142938357
67,20.35,6.423348E-02,-15.024290667083278
68,20.4,8.131021E-02,-14.121257165553743
69,20.45,8.862635E-02,-13.220206499768665
70,20.5,8.492676E-02,-12.321009589640198
71,20.55,7.376131E-02,-11.423537413577378
72,20.6,6.382023E-02,-10.52766100848794
73,20.65,7.952418E-02,-9.633251469774677
74,20.7,9.230042E-02,-8.740179951336813
75,20.75,9.383435E-02,-7.848317665570903
76,20.8,0.0655739,-6.957535883369928
77,20.85,2.271652E-02,-6.067705934124206
78,20.9,8.422161E-03,-5.178699205719113
79,20.95,2.739037E-02,-4.290387144537817
80,21,4.158141E-02,-3.402641255461276
81,21.05,4.303784E-02,-2.515333101864144
82,21.1,3.505079E-02,-1.6283343056197737
83,21.15,1.687346E-02,-0.7415165470983993
84,21.2,3.648037E-03,0.14524843483422956
85,21.25,1.013554E-02,1.0320888428150283
86,21.3,2.544673E-02,1.9191328209849416
87,21.35,5.354363E-02,2.806508454987579
88,21.4,4.187581E-02,3.6943437719696703
89,21.45,4.243075E-02,4.582766740582429
90,21.5,2.001233E-02,5.471905270978823
91,21.55,7.086805E-03,6.361887214816306
92,21.6,-5.380249E-03,7.252840365256816
93,21.65,-1.340846E-03,8.144892456962225
94,21.7,1.241531E-02,9.03817116610071
95,21.75,2.70493E-03,9.932804110343113
96,21.8,2.335458E-02,10.828918848863395
97,21.85,3.593968E-02,11.726642882337728
98,21.9,3.513394E-02,12.626103652948132
99,21.95,3.863612E-02,13.52742854437929
100,22,5.709754E-02,14.430744881816281
101,22.05,6.002004E-02,15.336179931950937
102,22.1,4.768626E-02,16.243860902977758
103,22.15,6.974764E-02,17.153914944593453
104,22.2,0.364784,18.066469147999214
105,22.25,1.43325,18.981650545899356
106,22.3,3.694299,19.8995861125004
107,22.35,6.953554,20.82040276351472
108,22.4,10.47887,21.744227356154624
109,22.45,13.19305,22.671186689139176
110,22.5,14.21809,23.60140750268829
111,22.55,13.17036,24.535016478525904
112,22.6,10.82529,25.4721402398809
113,22.65,7.933098,26.412905351483005
114,22.7,5.183827,27.357438319567336
115,22.75,2.98796,28.305865591871225
116,22.8,1.514134,29.25831355763512
117,22.85,0.6645868,30.214908547603045
118,22.9,0.2482993,31.175776834024873
119,22.95,9.166718E-02,32.14104463064905
120,23,4.241196E-02,33.11083809273123
121,23.05,1.198148E-02,34.08528331702928
122,23.1,8.974711E-03,35.064506341802826
123,23.15,8.943316E-03,36.04863314681825
124,23.2,2.828717E-02,37.03778965334186
125,23.25,5.905949E-02,38.03210172414538
126,23.3,0.100127,39.03169516350272
127,23.35,0.1351229,40.03669571719274
128,23.4,0.1486128,41.047229072496066
129,23.45,0.1430863,42.06342085819642
130,23.5,0.1001604,43.08539664458249
131,23.55,0.0591239,44.11328194344651
132,23.6,2.926988E-02,45.147202208081126
133,23.65,6.219797E-03,46.18728283328437
134,23.7,-1.296005E-02,47.233649155360126
135,23.75,1.120509E-03,48.28642645210948
136,23.8,4.324831E-02,49.3457399428421
137,23.85,0.0669075,50.41171478836986
138,23.9,8.138673E-02,51.48447609100549
139,23.95,8.215722E-02,52.56414889456937
140,24,0.0735246,53.65085818438138
141,24.05,9.025406E-02,54.74472888726632
142,24.1,0.1239688,55.84588587155258
143,24.15,0.1621331,56.95445394707167
144,24.2,0.1760366,58.07055786515821
145,24.25,0.174494,59.19432231865039
146,24.3,0.197032,60.325871941889545
147,24.35,0.2018745,61.46533131072056
148,24.4,0.2085881,62.6128249424919
149,24.45,0.2222397,63.76847729605379
150,24.5,0.2388229,64.93241277176276
151,24.55,0.2709699,66.10475571147708
152,24.6,0.2944077,67.2856303985559
153,24.65,0.3208854,68.47516105786599
154,24.7,0.299262,69.67347185577637
155,24.75,0.2493172,70.88068690015689
156,24.8,0.2076307,72.0969302403837
157,24.85,0.1643711,73.32232586733471
158,24.9,0.1424021,74.55699771339096
159,24.95,0.1440219,75.80106965243885
160,25,0.1957268,77.05466549986659
161,25.05,0.2419113,78.31790901256363
162,25.1,0.2590272,79.59092388892714
163,25.15,0.2611602,80.873833768856
164,25.2,0.2193062,82.16676223374998
165,25.25,0.1652165,83.46983280651648
166,25.3,0.1126593,84.7831689515624
167,25.35,0.1202988,86.10689407479913
168,25.4,0.1377439,87.44113152364298
169,25.45,0.1736787,88.78600458701203
170,25.5,0.1875089,90.14163649532884
171,25.55,0.1886308,91.50815042051727
172,25.6,0.1772687,92.88566947600702
173,25.65,0.15238,94.27431671672912
174,25.7,0.1374211,95.6742151391195
175,25.75,0.1188657,97.08548768111586
176,25.8,8.150182E-02,98.50825722216268
177,25.85,4.623224E-02,99.94264658320208
178,25.9,2.836692E-02,101.38877852668384
179,25.95,1.373901E-02,102.84677575656133
180,26,-2.204822E-03,104.31676091828876
181,26.05,1.064752E-02,105.79885659882393
182,26.1,1.837235E-02,107.29318532663137
183,26.15,2.047868E-02,108.79986957167375
184,26.2,3.707419E-02,110.3190317454214
185,26.25,4.158028E-02,111.8507942008464
186,26.3,3.802389E-02,113.39527923242349
187,26.35,2.995331E-02,114.95260907613147
188,26.4,3.664286E-02,116.52290590945404
189,26.45,3.369065E-02,118.10629185137532
190,26.5,4.398431E-02,119.70288896238435
191,26.55,5.172253E-02,121.3128192444733
192,26.6,7.181185E-02,122.93620464113837
193,26.65,7.240111E-02,124.57316703737797
194,26.7,7.885005E-02,126.22382825969362
195,26.75,6.110251E-02,127.8883100760927
196,26.8,4.433184E-02,129.56673419608296
197,26.85,2.675471E-02,131.25922227067713
198,26.9,-1.630741E-03,132.96589589239056
199,26.95,-2.243908E-03,134.6868765952422
200,27,-1.388168E-02,136.42228585475414
201,27.05,-1.502573E-02,138.1722450879538
202,27.1,-2.513173E-02,139.93687565336768
203,27.15,-2.954461E-02,141.71629885103084
204,27.2,-2.355999E-02,143.51063592247692
205,27.25,-1.283202E-02,145.32000805074586
206,27.3,2.267607E-02,147.1445363603807
207,27.35,5.875807E-02,148.9843419174258
208,27.4,6.760504E-02,150.8395457294323
209,27.45,5.346451E-02,152.71026874545032
210,27.5,3.204186E-02,154.59663185603722
211,27.55,8.547604E-03,156.49875589325393
212,27.6,-3.794352E-03,158.41676163065858
213,27.65,-1.792158E-02,160.35076978332063
214,27.7,-8.877902E-03,162.300901007809
215,27.75,-5.414081E-04,164.2672759021939
216,27.8,-1.563841E-03,166.25001500605413
217,27.85,4.983605E-03,168.249238800468
218,27.9,4.471753E-04,170.26506770801734
219,27.95,1.717716E-03,172.29762209278988
220,28,-9.111045E-03,174.3470222603737
221,28.05,7.065909E-03,176.41338845786095
222,28.1,2.117528E-02,178.49684087384912
223,28.15,2.729138E-02,180.5974996384366
224,28.2,1.576767E-02,182.71548482322714
225,28.25,-2.258792E-03,184.85091644132717
226,28.3,-5.556375E-03,187.00391444734305
227,28.35,-1.476746E-02,189.17459873739153
228,28.4,-1.321208E-03,191.3630891490866
229,28.45,0.0220988,193.56950546154803
230,28.5,3.384266E-02,195.7939673953988
231,28.55,3.605122E-02,198.03659461276584
232,28.6,3.289925E-02,200.29750671727788
233,28.65,3.989504E-02,202.5768232540686
234,28.7,4.288399E-02,204.8746637097729
235,28.75,5.855942E-02,207.19114751253073
236,28.8,5.432648E-02,209.5263940319869
237,28.85,3.685396E-02,211.8805225792862
238,28.9,3.335178E-02,214.25365240707742
239,28.95,3.348313E-02,216.6459027095152
240,29,2.897429E-02,219.05739262225597
241,29.05,2.267552E-02,221.48824122245833
242,29.1,2.863221E-02,223.93856752878492
243,29.15,4.631666E-02,226.40849050140378
244,29.2,3.603394E-02,228.89812904198425
245,29.25,4.761124E-02,231.40760199369834
246,29.3,4.118777E-02,233.93702814122435
247,29.35,3.158281E-02,236.4865262107396
248,29.4,3.426482E-02,239.05621486993005
249,29.45,4.293637E-02,241.64621272798104
250,29.5,4.123579E-02,244.2566383355811
251,29.55,2.564226E-02,246.88761018492596
252,29.6,2.139666E-02,249.53924670970946
253,29.65,1.925804E-02,252.2116662851331
254,29.7,2.499771E-02,254.90498722790062
255,29.75,3.874921E-02,257.61932779621793
256,29.8,4.879682E-02,260.35480618979454
257,29.85,7.096939E-02,263.11154054984536
258,29.9,6.465387E-02,265.8896489590843
259,29.95,6.266615E-02,268.6892494417334
260,30,5.390447E-02,271.5104599635174
261,30.05,5.259815E-02,274.3533984316591
262,30.1,5.830386E-02,277.2181826948913
263,30.15,5.913005E-02,280.10493054344624
264,30.2,8.528883E-02,283.01375970906247
265,30.25,0.1020617,285.94478786497893
266,30.3,0.119474,288.89813262593816
267,30.35,0.1162712,291.87391154818897
268,30.4,0.1202555,294.8722421294797
269,30.45,0.1121671,297.8932418090644
270,30.5,9.523419E-02,300.93702796770094
271,30.55,0.1012325,304.00371792764736
272,30.6,9.599151E-02,307.0934289526699
273,30.65,7.831263E-02,310.20627824803387
274,30.7,0.0760348,313.342382960509
275,30.75,6.752541E-02,316.5018601783713
276,30.8,5.961719E-02,319.6848269313955
277,30.85,7.919389E-02,322.89140019086153
278,30.9,0.1003461,326.12169686955576
279,30.95,9.566328E-02,329.3758338217617
280,31,9.437391E-02,332.6539278432738
281,31.05,0.1008775,335.9560956713817
282,31.1,0.1141027,339.28245398488525
283,31.15,0.1393541,342.6331194040845
284,31.2,0.1828634,346.0082084907808
285,31.25,0.1933798,349.40783774828424
286,31.3,0.1996518,352.83212362140466
287,31.35,0.2181331,356.2811824964547
288,31.4,0.2346109,359.75513070125226
289,31.45,0.2411038,363.2540845051185
290,31.5,0.2260132,366.7781601188758
291,31.55,0.2286252,370.3274736948524
292,31.6,0.2223568,373.90214132687834
293,31.65,0.2276648,377.5022790502876
294,31.7,0.2286239,381.12800284191826
295,31.75,0.2188622,384.77942862011014
296,31.8,0.2028259,388.4566722447071
297,31.85,0.1918808,392.1598495170574
298,31.9,0.2108151,395.8890761800103
299,31.95,0.2118149,399.6444679179208
300,32,0.217829,403.42614035664656
301,32.05,0.2125266,407.23420906354795
302,32.1,0.2295168,411.06878954748936
303,32.15,0.2219738,414.92999725883465
304,32.2,0.24155,418.81794758946126
305,32.25,0.2455381,422.7327558727379
306,32.3,0.2376677,426.6745373835438
307,32.35,0.2337428,430.64340733826157
308,32.4,0.2521388,434.63948089477117
309,32.45,0.2669421,438.6628731524638
310,32.5,0.2735159,442.7136991522284
311,32.55,0.2792798,446.79207387645965
312,32.6,0.2606531,450.89811224905634
313,32.65,0.2310511,455.0319291354185
314,32.7,0.218821,459.1936393424503
315,32.75,0.2227911,463.3833576185575
316,32.8,0.2069889,467.6011986536546
317,32.85,0.1734994,471.8472770791536
318,32.9,0.1461677,476.12170746797347
319,32.95,0.123997,480.4246043345338
320,33,0.1067687,484.7560821347606
321,33.05,9.451833E-02,489.1162552660794
322,33.1,8.443114E-02,493.50523806742285
323,33.15,8.666321E-02,497.9231448192263
324,33.2,0.1149322,502.3700897434255
325,33.25,0.1292259,506.8461870034621
326,33.3,0.1261127,511.3515507042807
327,33.35,0.1111251,515.8862948923293
328,33.4,8.365838E-02,520.4505335555596
329,33.45,6.453102E-02,525.0443806234262
330,33.5,0.0582154,529.6679499668835
331,33.55,5.039437E-02,534.3213553983978
332,33.6,3.799156E-02,539.0047106719303
333,33.65,4.229517E-02,543.7181294829502
334,33.7,5.259209E-02,548.4617254684294
335,33.75,7.102203E-02,553.2356122068404
336,33.8,8.594605E-02,558.0399032181631
337,33.85,9.152078E-02,562.8747119638792
338,33.9,0.0973173,567.7401518469696
339,33.95,9.869462E-02,572.6363362119278
340,34,9.630538E-02,577.5633783447406
341,34.05,0.0915181,582.5213914729038
342,34.1,9.083573E-02,587.5104887654188
343,34.15,9.841269E-02,592.530783332782
344,34.2,9.020649E-02,597.582388227002
345,34.25,6.906926E-02,602.665416441585
346,34.3,5.124104E-02,607.7799809115413
347,34.35,6.081557E-02,612.9261945133908
348,34.4,8.592989E-02,618.1041700651454
349,34.45,0.1051926,623.3140203263301
350,34.5,9.647396E-02,628.5558579979706
351,34.55,8.167662E-02,633.8297957225909
352,34.6,7.554758E-02,639.1359460842277
353,34.65,8.804418E-02,644.4744216084132
354,34.7,9.225906E-02,649.8453347621848
355,34.75,9.283107E-02,655.2487979540865
356,34.8,9.244258E-02,660.6849235341606
357,34.85,8.696623E-02,666.1538237939576
358,34.9,0.1176461,671.655610966528
359,34.95,0.129554,677.1903972264286
360,35,0.1387265,682.758294689716
361,35.05,0.1315933,688.359415413951
362,35.1,0.1096475,693.9938713982019
363,35.15,8.827051E-02,699.6617745830335
364,35.2,7.725225E-02,705.3632368505196
365,35.25,8.716679E-02,711.0983700242355
366,35.3,8.529651E-02,716.8672858692589
367,35.35,0.080419,722.6700960921717
368,35.4,5.982176E-02,728.5069123410594
369,35.45,3.570366E-02,734.377846205512
370,35.5,4.987872E-02,740.2830092166173
371,35.55,8.223356E-02,746.2225128469736
372,35.6,0.126885,752.1964685106791
373,35.65,0.1488067,758.2049875633361
374,35.7,0.1253786,764.2481813020495
375,35.75,8.301501E-02,770.3261609654251
376,35.8,6.037247E-02,776.4390377335781
377,35.85,5.217938E-02,782.586922728126
378,35.9,4.088584E-02,788.7699270121811
379,35.95,5.831401E-02,794.988161590371
380,36,9.613419E-02,801.2417374088177
381,36.05,0.1137037,807.5307653551517
382,36.1,0.1341348,813.8553562585053
383,36.15,0.1434333,820.2156208895108
384,36.2,0.1188246,826.6116699603135
385,36.25,8.385277E-02,833.0436141245482
386,36.3,7.792938E-02,839.5115639773626
387,36.35,7.647993E-02,846.0156300554095
388,36.4,6.824955E-02,852.5559228368347
389,36.45,4.588924E-02,859.1325527413005
390,36.5,0.0294029,865.7456301299608
391,36.55,-3.69813E-04,872.3952653054766
392,36.6,4.197737E-03,879.0815685120197
393,36.65,4.423316E-02,885.804649935254
394,36.7,6.689941E-02,892.5646197023543
395,36.75,0.0570468,899.3615878819937
396,36.8,3.850459E-02,906.1956644843522
397,36.85,3.283354E-02,913.066959461115
398,36.9,3.753671E-02,919.9755827054641
399,36.95,4.674517E-02,926.9216440520895
400,37,5.614464E-02,933.9052532771839
401,37.05,4.943472E-02,940.9265200984428
402,37.1,3.078422E-02,947.9855541750644
403,37.15,1.210312E-02,955.0824651077533
404,37.2,2.779005E-02,962.2173624387146
405,37.25,7.448493E-02,969.3903556516561
406,37.3,0.1219444,976.6015541717916
407,37.35,0.1539625,983.8510673658357
408,37.4,0.1489478,991.1390045420089
409,37.45,0.1110783,998.4654749500319
410,37.5,6.195837E-02,1005.8305877811317
411,37.55,2.608948E-02,1013.2344521680393
412,37.6,1.198206E-02,1020.6771771849849
413,37.65,9.431156E-03,1028.1588718477042
414,37.7,3.734089E-02,1035.6796451134383
415,37.75,6.042243E-02,1043.2396058809277
416,37.8,6.900289E-02,1050.8388629904202
417,37.85,7.565441E-02,1058.477525223665
418,37.9,6.685596E-02,1066.1557013039119
419,37.95,6.797089E-02,1073.8734998959221
420,38,7.755429E-02,1081.6310296059492
421,38.05,9.125151E-02,1089.42839898176
422,38.1,0.1031731,1097.2657165126202
423,38.15,0.1139677,1105.143090629298
424,38.2,0.1226519,1113.0606297040658
425,38.25,0.1303215,1121.0184420506994
426,38.3,0.1399081,1129.0166359244813
427,38.35,0.1389463,1137.0553195221928
428,38.4,0.1179352,1145.1346009821173
429,38.45,0.1018843,1153.2545883840494
430,38.5,9.504749E-02,1161.415389749278
431,38.55,8.913466E-02,1169.6171130405987
432,38.6,8.430172E-02,1177.859866162315
433,38.65,0.0679364,1186.1437569602272
434,38.7,6.502853E-02,1194.4688932216418
435,38.75,7.093833E-02,1202.8353826753678
436,38.8,8.633003E-02,1211.2433329917194
437,38.85,0.1022506,1219.692851782514
438,38.9,0.1136943,1228.1840466010685
439,38.95,0.1013663,1236.717024942208
440,39,0.1078834,1245.291894242257
441,39.05,0.1157182,1253.9087618790477
442,39.1,0.1197533,1262.5677351719105
443,39.15,0.099445,1271.2689213816834
444,39.2,7.627241E-02,1280.012427710708
445,39.25,5.971413E-02,1288.7983613028232
446,39.3,5.749054E-02,1297.6268292433774
447,39.35,5.582757E-02,1306.4979385592205
448,39.4,7.554339E-02,1315.411796218706
449,39.45,0.1230714,1324.3685091316906
450,39.5,0.1314495,1333.368184149535
451,39.55,0.1249006,1342.4109280650991
452,39.6,0.1158196,1351.4968476127528
453,39.65,8.756892E-02,1360.6260494683634
454,39.7,6.801069E-02,1369.798640249308
455,39.75,7.565007E-02,1379.0147265144574
456,39.8,0.0732668,1388.274414764196
457,39.85,3.492703E-02,1397.5778114404065
458,39.9,2.887652E-02,1406.9250229264758
459,39.95,1.604496E-02,1416.3161555472943
460,40,1.825949E-03,1425.751315569251
461,40.05,8.962669E-03,1435.2306092002464
462,40.1,3.639264E-02,1444.754142589683
463,40.15,0.0395195,1454.3220218284569
464,40.2,3.383088E-02,1463.9343529489847
465,40.25,3.252598E-02,1473.591241925168
466,40.3,3.388869E-02,1483.2927946724208
467,40.35,3.077983E-02,1493.0391170476678
468,40.4,4.366833E-02,1502.8303148493192
469,40.45,6.776835E-02,1512.6664938173062
470,40.5,8.116531E-02,1522.547759633052
471,40.55,7.759815E-02,1532.4742179194845
472,40.6,8.157218E-02,1542.4459742410445
473,40.65,9.771602E-02,1552.463134103661
474,40.7,9.947295E-02,1562.5258029547804
475,40.75,9.240509E-02,1572.6340861833437
476,40.8,6.766983E-02,1582.7880891197956
477,40.85,5.781791E-02,1592.9879170360923
478,40.9,4.986503E-02,1603.233675145681
479,40.95,2.976082E-02,1613.5254686035223
480,41,2.375674E-02,1623.863402506076
481,41.05,8.803858E-03,1634.2475818913067
482,41.1,-1.662698E-02,1644.6781117386804
483,41.15,-1.735704E-02,1655.1550969691675
484,41.2,2.172202E-02,1665.6786424452412
485,41.25,5.778927E-02,1676.2488529708808
486,41.3,9.097736E-02,1686.8658332915638
487,41.35,0.1194289,1697.529688094276
488,41.4,0.1316055,1708.2405220075034
489,41.45,0.1442649,1718.9984396012383
490,41.5,0.1739626,1729.803545386973
491,41.55,0.1871475,1740.6559438177055
492,41.6,0.1712745,1751.555739287936
493,41.65,0.1264705,1762.5030361336685
494,41.7,9.257358E-02,1773.4979386324117
495,41.75,5.603207E-02,1784.5405510031715
496,41.8,4.914633E-02,1795.630977406467
497,41.85,6.536288E-02,1806.7693219443154
498,41.9,9.464464E-02,1817.9556886602322
499,41.95,0.10414,1829.1901815392475
500,42,9.055123E-02,1840.4729045078843
501,42.05,8.020932E-02,1851.8039614341742
502,42.1,4.883932E-02,1863.1834561276564
503,42.15,5.610616E-03,1874.6114923393588
504,42.2,-1.965626E-02,1886.0881737618333
505,42.25,-3.316672E-02,1897.6136040291117
506,42.3,-2.016934E-02,1909.1878867167516
507,42.35,-1.036638E-02,1920.811125341801
508,42.4,3.170827E-03,1932.4834233628098
509,42.45,1.076898E-02,1944.2048841798432
510,42.5,1.277825E-02,1955.9756111344554
511,42.55,2.629744E-02,1967.7957075097097
512,42.6,0.0451782,1979.6652765301837
513,42.65,6.486668E-02,1991.584421361938
514,42.7,0.0810626,2003.5532451125505
515,42.75,0.1019325,2015.5718508310965
516,42.8,0.1219052,2027.64034150816
517,42.85,0.1267139,2039.7588200758269
518,42.9,0.1158893,2051.9273894076846
519,42.95,9.298503E-02,2064.1461523188177
520,43,7.046712E-02,2076.4152115658258
521,43.05,5.628962E-02,2088.734669846806
522,43.1,4.218841E-02,2101.104629801362
523,43.15,3.952152E-02,2113.525194010594
524,43.2,3.931191E-02,2125.9964649971066
525,43.25,5.239091E-02,2138.5185452250194
526,43.3,7.185702E-02,2151.0915370999433
527,43.35,0.0719981,2163.715542968995
528,43.4,4.516734E-02,2176.390665120794
529,43.45,9.525497E-03,2189.117005785471
530,43.5,7.108451E-03,2201.894667134647
531,43.55,3.219564E-02,2214.7237512814568
532,43.6,4.486477E-02,2227.604360280537
533,43.65,4.596497E-02,2240.536596128021
534,43.7,4.467057E-02,2253.520560761552
535,43.75,5.316026E-02,2266.5563560602754
536,43.8,8.154661E-02,2279.6440838448375
537,43.85,0.1178428,2292.783845877388
538,43.9,0.1354903,2305.9757438615884
539,43.95,0.1348805,2319.2198794425944
540,44,0.1222506,2332.516354207058
541,44.05,0.1093519,2345.8652696831573
542,44.1,0.0958829,2359.2667273405546
543,44.15,8.226608E-02,2372.7208285904185
544,44.2,8.467136E-02,2386.2276747854253
545,44.25,9.780339E-02,2399.787367219755
546,44.3,0.1282323,2413.400007129089
547,44.35,0.1404716,2427.0656956906155
548,44.4,0.150581,2440.784534023012
549,44.45,0.1299553,2454.556623186479
550,44.5,0.1208797,2468.3820641827065
551,44.55,0.108922,2482.2609579548994
552,44.6,0.1007274,2496.1934053877553
553,44.65,9.932575E-02,2510.179507307475
554,44.7,0.1132819,2524.219364481775
555,44.75,0.12098,2538.31307761986
556,44.8,0.1285917,2552.460747372447
557,44.85,0.1606254,2566.6624743317584
558,44.9,0.2008481,2580.918359031509
559,44.95,0.2260278,2595.2285019469286
560,45,0.2226563,2609.593003494743
561,45.05,0.2092362,2624.0119640331827
562,45.1,0.1951363,2638.485483861988
563,45.15,0.1864295,2653.0136632223953
564,45.2,0.1814683,2667.596602297143
565,45.25,0.1726501,2682.2344012104827
566,45.3,0.1517491,2696.927160028155
567,45.35,0.1269662,2711.6749787574176
568,45.4,0.1274313,2726.4779573470228
569,45.45,0.1645117,2741.33619568723
570,45.5,0.1741608,2756.2497936098002
571,45.55,0.1765954,2771.2188508880013
572,45.6,0.1732348,2786.2434672365994
573,45.65,0.1605948,2801.3237423118685
574,45.7,0.1448197,2816.459775711581
575,45.75,0.1350646,2831.651666975014
576,45.8,0.1232504,2846.8995155829575
577,45.85,0.105351,2862.203420957688
578,45.9,0.1019859,2877.5634824629983
579,45.95,0.1022061,2892.9797994041833
580,46,0.1111894,2908.4524710280325
581,46.05,0.1323218,2923.9815965228477
582,46.1,0.1649465,2939.56727501843
583,46.15,0.2011783,2955.209605586086
584,46.2,0.2192687,2970.9086872386283
585,46.25,0.2462011,2986.664618930358
586,46.3,0.2265934,3002.4774995570956
587,46.35,0.1800919,3018.347427956171
588,46.4,0.1492641,3034.2745029063885
589,46.45,0.1421641,3050.2588231280856
590,46.5,0.1363833,3066.3004872830847
591,46.55,0.1232522,3082.3995939747215
592,46.6,0.1112136,3098.5562417478336
593,46.65,8.929003E-02,3114.770529088752
594,46.7,7.013743E-02,3131.0425544253308
595,46.75,9.194188E-02,3147.372416126905
596,46.8,0.1347773,3163.7602125043254
597,46.85,0.1519996,3180.206041809953
598,46.9,0.1663014,3196.710002237631
599,46.95,0.1763252,3213.2721919227283
600,47,0.1962908,3229.8927089421027
601,47.05,0.2062105,3246.5716513141138
602,47.1,0.2079755,3263.309116998645
603,47.15,0.1934812,3280.1052038970624
604,47.2,0.1620321,3296.9600098522355
605,47.25,0.1585999,3313.87363264855
606,47.3,0.1499321,3330.8461700118883
607,47.35,0.1730393,3347.877719609632
608,47.4,0.2306723,3364.9683790506765
609,47.45,0.3243374,3382.1182458854096
610,47.5,0.4128904,3399.3274176057234
611,47.55,0.4563223,3416.595991645028
612,47.6,0.4548613,3433.9240653782213
613,47.65,0.3960324,3451.3117361217032
614,47.7,0.3216682,3468.7591011333875
615,47.75,0.2466085,3486.2662576126927
616,47.8,0.2071592,3503.833302700526
617,47.85,0.1970713,3521.4603334793087
618,47.9,0.1859346,3539.147446972965
619,47.95,0.1931057,3556.8947401469263
620,48,0.199969,3574.7023099081075
621,48.05,0.1888954,3592.570253104955
622,48.1,0.1565664,3610.4986665274005
623,48.15,0.1421264,3628.487646906878
624,48.2,0.1414441,3646.53729091634
625,48.25,0.1527564,3664.647695170225
626,48.3,0.1637166,3682.8189562244893
627,48.35,0.1547668,3701.0511705765816
628,48.4,0.1344492,3719.34443466545
629,48.45,0.1355995,3737.6988448715715
630,48.5,0.1377876,3756.1144975168922
631,48.55,0.156867,3774.591488864889
632,48.6,0.1895702,3793.1299151205326
633,48.65,0.1941379,3811.729872430285
634,48.7,0.1780434,3830.3914568821324
635,48.75,0.1674031,3849.114764505551
636,48.8,0.1530048,3867.899891271521
637,48.85,0.1466416,3886.7469330925355
638,48.9,0.1548832,3905.655985822577
639,48.95,0.1621791,3924.627145257145
640,49,0.1498741,3943.660507133231
641,49.05,0.1371725,3962.7561671293292
642,49.1,0.1392862,3981.9142208654616
643,49.15,0.1389135,4001.134763903118
644,49.2,0.1688657,4020.4178917453123
645,49.25,0.1851087,4039.763699836559
646,49.3,0.1689195,4059.172283562872
647,49.35,0.1693615,4078.6437382517756
648,49.4,0.1653162,4098.178159172292
649,49.45,0.1554043,4117.775641534941
650,49.5,0.1547928,4137.436280491758
651,49.55,0.1739713,4157.160171136282
652,49.6,0.1627242,4176.947408503536
653,49.65,0.1343613,4196.7980875700705
654,49.7,0.1263479,4216.712303253926
655,49.75,0.1386884,4236.690150414648
656,49.8,0.1474893,4256.731723853289
657,49.85,0.1571277,4276.8371183124
658,49.9,0.1601028,4297.006428476032
659,49.95,0.1631781,4317.23974896976
660,50,0.151417,4337.537174360636
661,50.05,0.1542802,4357.898799157227
662,50.1,0.1551306,4378.324717809603
663,50.15,0.173352,4398.815024709345
664,50.2,0.1772244,4419.3698141895275
665,50.25,0.1756093,4439.989180524717
666,50.3,0.1835481,4460.673217931013
667,50.35,0.1808646,4481.422020566002
668,50.4,0.1686335,4502.235682528761
669,50.45,0.1589485,4523.114297859902
670,50.5,0.169433,4544.057960541499
671,50.55,0.1713926,4565.066764497169
672,50.6,0.1832374,4586.140803592014
673,50.65,0.1804399,4607.280171632636
674,50.7,0.1773114,4628.484962367151
675,50.75,0.1699422,4649.755269485169
676,50.8,0.1761494,4671.091186617799
677,50.85,0.1952768,4692.49280733768
678,50.9,0.2072702,4713.960225158913
679,50.95,0.2142934,4735.49353353715
680,51,0.2098975,4757.092825869504
681,51.05,0.2096723,4778.758195494607
682,51.1,0.2096984,4800.4897356926085
683,51.15,0.2144185,4822.287539685145
684,51.2,0.211634,4844.1517006353515
685,51.25,0.2094864,4866.082311647888
686,51.3,0.2293147,4888.079465768893
687,51.35,0.2518859,4910.143255986031
688,51.4,0.2797244,4932.273775228448
689,51.45,0.2747342,4954.471116366814
690,51.5,0.2542709,4976.735372213288
691,51.55,0.2138175,4999.06663552154
692,51.6,0.183398,5021.464998986741
693,51.65,0.1898644,5043.930555245563
694,51.7,0.2177612,5066.463396876177
695,51.75,0.2445488,5089.063616398278
696,51.8,0.2353647,5111.731306273041
697,51.85,0.2309508,5134.466558903148
698,51.9,0.2429877,5157.269466632801
699,51.95,0.2507461,5180.1401217476905
700,52,0.252138,5203.07861647501
701,52.05,0.2279218,5226.085042983463
702,52.1,0.1921468,5249.159493383251
703,52.15,0.1757625,5272.302059726086
704,52.2,0.1786306,5295.512834005183
705,52.25,0.1967277,5318.791908155237
706,52.3,0.1898445,5342.139374052484
707,52.35,0.1629447,5365.555323514638
708,52.4,0.1383468,5389.039848300927
709,52.45,0.1276538,5412.593040112077
710,52.5,0.124683,5436.214990590306
711,52.55,0.1426854,5459.90579131937
712,52.6,0.1598461,5483.6655338245
713,52.65,0.1569124,5507.494309572419
714,52.7,0.1456367,5531.392209971398
715,52.75,0.1517324,5555.359326371168
716,52.8,0.1490629,5579.395750062979
717,52.85,0.1403552,5603.501572279596
718,52.9,0.1753997,5627.676884195271
719,52.95,0.1789029,5651.921776925765
720,53,0.1741075,5676.236341528338
721,53.05,0.1668139,5700.6206690017625
722,53.1,0.1567274,5725.074850286317
723,53.15,0.1474461,5749.5989762637655
724,53.2,0.1541791,5774.193137757386
725,53.25,0.1652919,5798.857425531962
726,53.3,0.1708671,5823.591930293771
727,53.35,0.1698929,5848.39674269062
728,53.4,0.1715195,5873.271953311783
729,53.45,0.1684401,5898.217652688056
730,53.5,0.1799001,5923.233931291745
731,53.55,0.2097234,5948.320879536648
732,53.6,0.2411017,5973.478587778061
733,53.65,0.2637955,5998.707146312807
734,53.7,0.2705428,6024.006645379184
735,53.75,0.2626209,6049.377175157013
736,53.8,0.2426516,6074.818825767616
737,53.85,0.2213626,6100.331687273803
738,53.9,0.2084961,6125.915849679908
739,53.95,0.1849644,6151.571402931755
740,54,0.1567459,6177.298436916677
741,54.05,0.1773426,6203.097041463505
742,54.1,0.189131,6228.9673063425835
743,54.15,0.193388,6254.909321265752
744,54.2,0.1883951,6280.923175886353
745,54.25,0.1939132,6307.008959799234
746,54.3,0.2034554,6333.166762540746
747,54.35,0.2210958,6359.396673588752
748,54.4,0.2390415,6385.698782362597
749,54.45,0.2151508,6412.07317822316
750,54.5,0.1805684,6438.519950472781
751,54.55,0.1493743,6465.039188355349
752,54.6,0.1611059,6491.630981056231
753,54.65,0.1782459,6518.295417702295
754,54.7,0.2156936,6545.032587361935
755,54.75,0.2270289,6571.842579045011
756,54.8,0.2247654,6598.725481702921
757,54.85,0.2019006,6625.681384228559
758,54.9,0.1826983,6652.710375456296
759,54.95,0.1796079,6679.812544162052
760,55,0.1847152,6706.987979063208
761,55.05,0.2066761,6734.23676881867
762,55.1,0.2134059,6761.559002028851
763,55.15,0.2246539,6788.9547672356475
764,55.2,0.2235253,6816.424152922473
765,55.25,0.2325436,6843.967247514249
766,55.3,0.2220583,6871.584139377388
767,55.35,0.2052733,6899.274916819826
768,55.4,0.1908356,6927.039668090965
769,55.45,0.1685709,6954.878481381747
770,55.5,0.1577403,6982.7914448246065
771,55.55,0.1706938,7010.778646493467
772,55.6,0.1821367,7038.840174403784
773,55.65,0.1669358,7066.976116512493
774,55.7,0.1796294,7095.186560718024
775,55.75,0.1734372,7123.471594860344
776,55.8,0.1549423,7151.831306720898
777,55.85,0.1600575,7180.265784022644
778,55.9,0.1668497,7208.77511443004
779,55.95,0.1402589,7237.359385549047
780,56,0.115233,7266.018684927125
781,56.05,0.1070404,7294.7531000532545
782,56.1,0.1134759,7323.562718357896
783,56.15,0.1404237,7352.447627213032
784,56.2,0.1652529,7381.407913932144
785,56.25,0.1867828,7410.443665770197
786,56.3,0.1670984,7439.5549699237
787,56.35,0.1527814,7468.741913530623
788,56.4,0.1330477,7498.004583670472
789,56.45,0.1357453,7527.3430673642415
790,56.5,0.1525547,7556.7574515744145
791,56.55,0.1540686,7586.247823205003
792,56.6,0.1627549,7615.814269101529
793,56.65,0.171799,7645.4568760509665
794,56.7,0.1643123,7675.175730781868
795,56.75,0.1498665,7704.970919964215
796,56.8,0.1530972,7734.842530209535
797,56.85,0.1682378,7764.790648070868
798,56.9,0.1746893,7794.815360042714
799,56.95,0.192983,7824.916752561128
800,57,0.234702,7855.094912003626
801,57.05,0.2627023,7885.349924689239
802,57.1,0.2700118,7915.681876878525
803,57.15,0.269893,7946.090854773502
804,57.2,0.2503586,7976.576944517747
805,57.25,0.2198353,8007.14023219628
806,57.3,0.183319,8037.780803835663
807,57.35,0.1926893,8068.498745403964
808,57.4,0.212654,8099.294142810722
809,57.45,0.2239378,8130.167081907015
810,57.5,0.2299169,8161.1176484854
811,57.55,0.2227665,8192.145928279951
812,57.6,0.2145316,8223.252006966239
813,57.65,0.2063565,8254.435970161343
814,57.7,0.2151502,8285.697903423832
815,57.75,0.2481769,8317.037892253804
816,57.8,0.2748294,8348.456022092834
817,57.85,0.2917916,8379.952378324011
818,57.9,0.2918705,8411.52704627193
819,57.95,0.2687992,8443.180111202699
820,58,0.2305826,8474.911658323897
821,58.05,0.2243241,8506.721772784636
822,58.1,0.229619,8538.610539675525
823,58.15,0.2483197,8570.578044028669
824,58.2,0.2688527,8602.62437081769
825,58.25,0.2881106,8634.749604957686
826,58.3,0.2810444,8666.953831305284
827,58.35,0.2762329,8699.237134658624
828,58.4,0.2788333,8731.599599757306
829,58.45,0.2803815,8764.041311282479
830,58.5,0.2755623,8796.562353856756
831,58.55,0.2665877,8829.1628120443
832,58.6,0.2549856,8861.842770350735
833,58.65,0.2181478,8894.602313223191
834,58.7,0.1989388,8927.441525050346
835,58.75,0.1940463,8960.360490162318
836,58.8,0.197366,8993.359292830779
837,58.85,0.1839992,9026.438017268883
838,58.9,0.1824642,9059.59674763128
839,58.95,0.1904226,9092.835568014154
840,59,0.181645,9126.154562455144
841,59.05,0.218515,9159.553814933433
842,59.1,0.2553474,9193.033409369704
843,59.15,0.2827966,9226.593429626117
844,59.2,0.2870145,9260.233959506357
845,59.25,0.250183,9293.955082755616
846,59.3,0.1992966,9327.756883060561
847,59.35,0.163866,9361.639444049406
848,59.4,0.1622909,9395.602849291829
849,59.45,0.1730249,9429.647182299022
850,59.5,0.1968907,9463.772526523697
851,59.55,0.2067352,9497.97896536005
852,59.6,0.185044,9532.266582143797
853,59.65,0.1570812,9566.635460152138
854,59.7,0.1652548,9601.085682603787
855,59.75,0.1841947,9635.617332658963
856,59.8,0.1953475,9670.230493419389
857,59.85,0.2105149,9704.925247928279
858,59.9,0.2254723,9739.701679170374
859,59.95,0.2473755,9774.559870071887
860,60,0.2512679,9809.499903500568
861,60.05,0.2525958,9844.521862265645
862,60.1,0.2505996,9879.625829117858
863,60.15,0.2399069,9914.811886749454
864,60.2,0.2446899,9950.080117794172
865,60.25,0.249975,9985.430604827268
866,60.3,0.2703194,10020.8634303655
867,60.35,0.2675682,10056.378676867114
868,60.4,0.2643973,10091.976426731879
869,60.45,0.2582262,10127.656762301061
870,60.5,0.2457748,10163.41976585741
871,60.55,0.2212105,10199.265519625213
872,60.6,0.1926437,10235.194105770246
873,60.65,0.1872659,10271.205606399764
874,60.7,0.1964611,10307.300103562577
875,60.75,0.2048264,10343.477679248934
876,60.8,0.217654,10379.738415390653
877,60.85,0.2069157,10416.082393861016
878,60.9,0.1653238,10452.509696474803
879,60.95,0.1362082,10489.020404988329
880,61,0.1273833,10525.614601099374
881,61.05,0.1462849,10562.292366447262
882,61.1,0.157506,10599.0537826128
883,61.15,0.1705451,10635.898931118276
884,61.2,0.1770874,10672.827893427533
885,61.25,0.1803562,10709.840750945868
886,61.3,0.2145062,10746.9375850201
887,61.35,0.2633947,10784.118476938569
888,61.4,0.3198501,10821.383507931092
889,61.45,0.3783076,10858.732759168994
890,61.5,0.4355872,10896.166311765115
891,61.55,0.4808905,10933.6842467738
892,61.6,0.4936,10971.286645190878
893,61.65,0.5018111,11008.973587953697
894,61.7,0.5030181,11046.745155941106
895,61.75,0.5022519,11084.601429973454
896,61.8,0.5112192,11122.542490812593
897,61.85,0.5044018,11160.568419161888
898,61.9,0.494434,11198.679295666183
899,61.95,0.4616476,11236.875200911862
900,62,0.4300047,11275.156215426776
901,62.05,0.4038093,11313.522419680312
902,62.1,0.3630891,11351.97389408333
903,62.15,0.3322606,11390.510718988216
904,62.2,0.3288936,11429.132974688853
905,62.25,0.3464871,11467.840741420601
906,62.3,0.3603332,11506.634099360377
907,62.35,0.351873,11545.513128626562
908,62.4,0.3316432,11584.477909279049
909,62.45,0.2993116,11623.528521319235
910,62.5,0.2854922,11662.665044690015
911,62.55,0.2690909,11701.887559275807
912,62.6,0.2678615,11741.196144902508
913,62.65,0.2462154,11780.590881337535
914,62.7,0.2217697,11820.071848289803
915,62.75,0.2204163,11859.63912540971
916,62.8,0.223862,11899.29279228921
917,62.85,0.2066104,11939.032928461704
918,62.9,0.1915672,11978.859613402126
919,62.95,0.2129221,12018.772926526908
920,63,0.2280731,12058.772947193982
921,63.05,0.2637309,12098.859754702784
922,63.1,0.3022926,12139.033428294271
923,63.15,0.3421313,12179.294047150861
924,63.2,0.3465723,12219.641690396526
925,63.25,0.348988,12260.076437096695
926,63.3,0.3494103,12300.598366258337
927,63.35,0.3260395,12341.207556829917
928,63.4,0.288787,12381.904087701367
929,63.45,0.2574197,12422.68803770419
930,63.5,0.2665779,12463.559485611326
931,63.55,0.2727511,12504.518510137248
932,63.6,0.2578899,12545.565189937954
933,63.65,0.2663517,12586.699603610896
934,63.7,0.268474,12627.921829695068
935,63.75,0.2416389,12669.231946670943
936,63.8,0.2081125,12710.630032960524
937,63.85,0.188151,12752.11616692729
938,63.9,0.178995,12793.690426876248
939,63.95,0.1782711,12835.352891053883
940,64,0.1815206,12877.103637648202
941,64.05,0.1866899,12918.942744788712
942,64.1,0.1659611,12960.870290546412
943,64.15,0.1569595,13002.886352933847
944,64.2,0.1658965,13044.991009904978
945,64.25,0.1867599,13087.184339355363
946,64.3,0.1867599,13129.466419122
947,64.35,0.1867599,13171.837326983428
948,64.4,0.1867599,13214.29714065969
949,64.45,0.1867599,13256.84593781229
950,64.5,0.1867599,13299.483796044256
951,64.55,0.1867599,13342.210792900161
952,64.6,0.1867599,13385.02700586602
953,64.65,0.1867599,13427.9325123694
954,64.7,0.1867599,13470.927389779325
955,64.75,0.1867599,13514.011715406348
956,64.8,0.1867599,13557.185566502541
957,64.85,0.1867599,13600.449020261458
958,64.9,0.1867599,13643.802153818158
959,64.95,0.1867599,13687.245044249203
960,65,0.1867599,13730.77776857265
961,65.05,0.1867599,13774.4004037481
962,65.1,0.1867599,13818.113026676607
963,65.15,0.1867599,13861.915714200763
964,65.2,0.1867599,13905.808543104633
965,65.25,0.1867599,13949.791590113819
966,65.3,0.1867599,13993.864931895385
967,65.35,0.1867599,14038.028645057948
968,65.4,0.1867599,14082.2828061516
969,65.45,0.1867599,14126.627491667929
970,65.5,0.1867599,14171.062778040043
971,65.55,0.1867599,14215.588741642538
972,65.6,0.1867599,14260.205458791532
973,65.65,0.1867599,14304.913005744645
974,65.7,0.1867599,14349.71145870098
975,65.75,0.1867599,14394.600893801156
976,65.8,0.1867599,14439.581387127286
977,65.85,0.1867599,14484.653014703023
978,65.9,0.1867599,14529.815852493482
979,65.95,0.1867599,14575.069976405275
980,66,0.1867599,14620.415462286563
981,66.05,0.1867599,14665.852385926975
982,66.1,0.1867599,14711.380823057652
983,66.15,0.1867599,14757.000849351256
984,66.2,0.1867599,14802.71254042191
985,66.25,0.1867599,14848.51597182527
986,66.3,0.1867599,14894.411219058513
987,66.35,0.1867599,14940.39835756027
988,66.4,0.1867599,14986.477462710742
989,66.45,0.1867599,15032.648609831545
990,66.5,0.1867599,15078.911874185882
991,66.55,0.1867599,15125.267330978413
992,66.6,0.1867599,15171.715055355313
993,66.65,0.1867599,15218.255122404278
994,66.7,0.1867599,15264.887607154471
995,66.75,0.1867599,15311.612584576576
996,66.8,0.1867599,15358.430129582795
997,66.85,0.1867599,15405.340317026812
998,66.9,0.1867599,15452.343221703833
999,66.95,0.1867599,15499.43891835054
1000,67,0.1867599,15546.627481645157
1001,67.05,0.1867599,15593.908986207358
1002,67.1,0.1867599,15641.28350659838
1003,67.15,0.1867599,15688.75111732093
1004,67.2,0.1867599,15736.311892819222
1005,67.25,0.1867599,15783.965907478969
1006,67.3,0.1867599,15831.713235627392
1007,67.35,0.1867599,15879.553951533237
1008,67.4,0.1867599,15927.488129406718
1009,67.45,0.1867599,15975.515843399558
1010,67.5,0.1867599,16023.637167605017
1011,67.55,0.1867599,16071.852176057802
1012,67.6,0.1867599,16120.160942734192
1013,67.65,0.1867599,16168.563541551923
1014,67.7,0.1867599,16217.060046370212
1015,67.75,0.1867599,16265.650530989848
1016,67.8,0.1867599,16314.335069153074
1017,67.85,0.1867599,16363.113734543645
1018,67.9,0.1867599,16411.98660078686
1019,67.95,0.1867599,16460.95374144941
1020,68,0.1867599,16510.015230039637
1021,68.05,0.1867599,16559.17114000727
1022,68.1,0.1867599,16608.421544743607
1023,68.15,0.1867599,16657.76651758144
1024,68.2,0.1867599,16707.206131795003
1025,68.25,0.1867599,16756.740460600122
1026,68.3,0.1867599,16806.369577154073
1027,68.35,0.1867599,16856.09355455565
1028,68.4,0.1867599,16905.91246584518
1029,68.45,0.1867599,16955.826384004413
1030,68.5,0.1867599,17005.83538195666
1031,68.55,0.1867599,17055.939532566754
1032,68.6,0.1867599,17106.138908640987
1033,68.65,0.1867599,17156.433582927184
1034,68.7,0.1867599,17206.823628114642
1035,68.75,0.1867599,17257.309116834193
1036,68.8,0.1867599,17307.890121658158
1037,68.85,0.1867599,17358.566715100365
1038,68.9,0.1867599,17409.338969616154
1039,68.95,0.1867599,17460.20695760234
1040,69,0.1867599,17511.17075139725
1041,69.05,0.1867599,17562.230423280755
1042,69.1,0.1867599,17613.38604547417
1043,69.15,0.1867599,17664.637690140367
1044,69.2,0.1867599,17715.985429383683
1045,69.25,0.1867599,17767.429335249974
1046,69.3,0.1867599,17818.969479726573
1047,69.35,0.1867599,17870.605934742376
1048,69.4,0.1867599,17922.338772167728
1049,69.45,0.1867599,17974.168063814497
1050,69.5,0.1867599,18026.093881436063
1051,69.55,0.1867599,18078.116296727272
1052,69.6,0.1867599,18130.23538132453
1053,69.65,0.1867599,18182.45120680571
1054,69.7,0.1867599,18234.763844690184
1055,69.75,0.1867599,18287.17336643884
1056,69.8,0.1867599,18339.679843454076
1057,69.85,0.1867599,18392.28334707979
1058,69.9,0.1867599,18444.983948601377
1059,69.95,0.1867599,18497.78171924572
